./pex3 ./eon_rush_0.tr 1
Total Accesses:,3543311
Frames,Misses,Miss Rate
1,3065998,0.865292
2,2749502,0.775970
3,2615922,0.738271
4,2479822,0.699860
5,2392756,0.675288
6,2308842,0.651606
7,2204530,0.622167
---
./pex3 ./eon_rush_0.tr 2
Total Accesses:,3543311
Frames,Misses,Miss Rate
1,3032091,0.855723
2,2688679,0.758804
3,2535783,0.715654
4,2382045,0.672265
5,2292936,0.647117
6,2206601,0.622751
7,2100059,0.592683
---
./pex3 ./eon_rush_0.tr 3
Total Accesses:,3543311
Frames,Misses,Miss Rate
1,3013670,0.850524
2,2658086,0.750170
3,2497301,0.704793
4,2338818,0.660066
5,2246378,0.633977
6,2157502,0.608894
7,2048874,0.578237
---
./pex3 ./eon_rush_0.tr 4
Total Accesses:,3543311
Frames,Misses,Miss Rate
1,2973290,0.839128
2,2610327,0.736691
3,2446992,0.690595
4,2282058,0.644047
5,2187035,0.617229
6,2094299,0.591057
7,1982211,0.559423
8,1858630,0.524546
